icount=154;
b1sum_mb.56=0;
a1sum_mb.56=0;
b2sum_mb.56=0;
a2sum_mb.56=0;
b3sum_mb.56=-2.1852203500345;
a3sum_mb.56=0.15838704684664;
b4sum_mb.56=0.4881678854469;
a4sum_mb.56=-1.7730725394856;
b5sum_mb.56=30998.91493659;
a5sum_mb.56=-345.95823715357;
b6sum_mb.56=123176.1022791;
a6sum_mb.56=-32014.4786489;
b7sum_mb.56=792514881.50009;
a7sum_mb.56=-104925156.940033;
b8sum_mb.56=10461859989.741;
a8sum_mb.56=7921198000.9028;
b9sum_mb.56=350738690728000;
a9sum_mb.56=4324657538249.7;
b10sum_mb.56=-4166127035100;
a10sum_mb.56=127236394122964;
b11sum_mb.56=8.32537442247e+19;
a11sum_mb.56=5.9173844960081e+18;
b12sum_mb.56=0;
a12sum_mb.56=0;
b13sum_mb.56=0;
a13sum_mb.56=0;
b14sum_mb.56=0;
a14sum_mb.56=0;
b15sum_mb.56=0;
a15sum_mb.56=0;
b16sum_mb.56=0;
a16sum_mb.56=0;
b17sum_mb.56=0;
a17sum_mb.56=0;
b18sum_mb.56=0;
a18sum_mb.56=0;
