icount=154;
b1sum_mb.67=0;
a1sum_mb.67=0;
b2sum_mb.67=0;
a2sum_mb.67=0;
b3sum_mb.67=-2.065816625373;
a3sum_mb.67=0.15146323030416;
b4sum_mb.67=1.230048141433;
a4sum_mb.67=-1.3672011183333;
b5sum_mb.67=29703.09008164;
a5sum_mb.67=-495.38104078348;
b6sum_mb.67=90164.092104461;
a6sum_mb.67=-136342.58691242;
b7sum_mb.67=745336411.52951;
a7sum_mb.67=-93911183.55781;
b8sum_mb.67=8584915009.43371;
a8sum_mb.67=10781404510.614;
b9sum_mb.67=348832315558000;
a9sum_mb.67=4625212037907.1;
b10sum_mb.67=299071443801027;
a10sum_mb.67=252072680136800;
b11sum_mb.67=8.2950729269e+19;
a11sum_mb.67=4.7771280550691e+18;
b12sum_mb.67=0;
a12sum_mb.67=0;
b13sum_mb.67=0;
a13sum_mb.67=0;
b14sum_mb.67=0;
a14sum_mb.67=0;
b15sum_mb.67=0;
a15sum_mb.67=0;
b16sum_mb.67=0;
a16sum_mb.67=0;
b17sum_mb.67=0;
a17sum_mb.67=0;
b18sum_mb.67=0;
a18sum_mb.67=0;
