icount=154;
b1sum_mb.78=0;
a1sum_mb.78=0;
b2sum_mb.78=0;
a2sum_mb.78=0;
b3sum_mb.78=-2.11104200379;
a3sum_mb.78=0.13797011387303;
b4sum_mb.78=1.86292991620097;
a4sum_mb.78=-4.687893258932;
b5sum_mb.78=29653.377980558;
a5sum_mb.78=-752.389639548;
b6sum_mb.78=118661.978368882;
a6sum_mb.78=-90351.8231528599;
b7sum_mb.78=695018827.32204;
a7sum_mb.78=-87982153.238169;
b8sum_mb.78=9384534937.7609;
a8sum_mb.78=5740719508.517;
b9sum_mb.78=350287790928000;
a9sum_mb.78=4854026859430.79;
b10sum_mb.78=-40858709760000;
a10sum_mb.78=57021293207900;
b11sum_mb.78=8.38121901709e+19;
a11sum_mb.78=5.5451320188905e+18;
b12sum_mb.78=0;
a12sum_mb.78=0;
b13sum_mb.78=0;
a13sum_mb.78=0;
b14sum_mb.78=0;
a14sum_mb.78=0;
b15sum_mb.78=0;
a15sum_mb.78=0;
b16sum_mb.78=0;
a16sum_mb.78=0;
b17sum_mb.78=0;
a17sum_mb.78=0;
b18sum_mb.78=0;
a18sum_mb.78=0;
